% 左crank
% x = [-60, 0, 50, 60, -60, 0, 50, 60, -60, 0, 50, 60];
% y = [-30,-30,-30,-30, 0,  0, 0,  0,  30, 30, 30, 30];
% z = [-2, -2,  0,  -1,   , -1,  0, 1,  0, -2,   ,  0,   ];

x = [-60, 50, 50, 50, 60, -180, 180];
y = [0,  -30, 0, 30,  0,    0,    0];
z = [-1, -1 , 1,  -1, -1,  -5,   -5];


